1619340293148655617
1619322709539971074
1619354192405221376
1619359358118408192
1619339179388977153
1619336078045097984
1619333382026022912
1619323181122322433
1619307309477556225
1619304531879239683
1619266901166915585
1619251890289799169
1619244916026253314
1619237506603708416
1619203548365062144
1619191960069349381
1619187388668067840
1619162572330246145
1619160657831809024
1619159648325763075
1619158790787702784
1619156308032376833
1619155462758465537
1619153561115594753
1619150702374445056
1619149482742153221
1619147899497242626
1619147556830998529
1619145568529559552
1619123805053456384
1619121890924322816
1619119468881530881
1619109772195934209
1619103397021376512
1619101800631787520
1619096349064200193
1619095314811719683
1619095312601350144
1619091664269885442
1619087488215302148
1619085050632609792
1619071976626069505
1619062851703869445
1619060822751465472
1619045127691075597
1619041781768921088
1619035062552657925
1619026290551701510
1619026085873876994
1619025417574445056
1619018464907202593
1619016102763282432
1619014118903615501
1619014061387292672
1619012626377494528
1619009522135367682
1619008436632707074
1619000480893648897
1618995916727533568
1618990146468343808
1618977384446988290
1618960497671544835
1618959962797129728
1618955840060522496
1618953914673672193
1618953265894555649
1618952943046389760
1618952775660113920
1618951968529195014
1618951533378564104
1618931398253117441
1618911800296341509
1618909935361982464
1618908607365648384
1618905459179794432
1618903745164869632
1618902381164646400
1618898913569964032
1618898133320351744
1618876520780697600
1618863025074900994
